98 131
8 48 739943
73 63 323354
52 25 577249
51 60 895233
7 81 748194
8 14 594804
23 73 323152
75 48 127858
93 45 183224
92 84 657678
13 34 371090
54 29 886536
6 94 984599
61 24 475008
72 19 756332
71 26 250501
52 71 258803
32 3 39886
83 89 312487
67 84 808911
93 76 290583
56 68 539069
28 91 422362
68 45 55946
47 51 164344
94 89 684525
61 91 681334
59 5 58653
61 4 31614
21 8 862697
72 81 274452
28 50 694244
79 20 759420
79 77 128511
7 97 96392
12 41 311057
57 32 923527
90 32 37151
88 45 339150
16 70 370958
21 9 639044
96 27 826015
96 55 724881
44 26 799712
83 1 895848
75 80 352461
76 53 173593
75 84 131532
33 78 335098
7 41 188058
31 64 321631
93 30 823013
73 22 32983
2 43 976807
65 40 948352
89 0 954779
14 69 116910
48 27 497834
85 55 527856
50 57 711619
5 54 573730
47 41 204333
17 6 509605
67 17 464520
34 30 239090
28 29 302229
20 65 821835
58 26 718730
71 18 823687
23 60 771546
92 61 789700
73 74 155736
61 50 244474
79 39 826587
93 4 142895
31 44 871160
33 38 957051
52 70 975867
35 65 585260
35 85 117662
57 71 138641
18 40 620047
43 12 736114
47 14 780766
42 91 881456
38 36 713076
37 46 245118
50 30 286381
37 65 258432
58 20 355158
40 68 77258
88 5 292065
11 43 574959
43 84 973698
38 56 747053
72 51 968100
97 96 429284
45 83 299608
54 65 659462
26 66 262078
79 94 917506
83 88 819787
19 34 18340
79 40 845113
53 37 3624
52 76 994137
51 91 882517
39 46 64006
15 27 862462
38 8 191898
16 65 409882
42 49 750373
62 86 442726
95 47 162528
51 75 570605
9 33 518722
67 1 781913
97 36 187289
92 52 200049
37 29 37674
27 80 822772
74 87 100137
60 27 589330
27 6 802382
78 62 511575
10 60 120834
56 81 972929
16 22 205524
45 58 992728
16 56 115883
89 82 119487
162
15 25
16 8
15 23
18 79
70 70
82 51
49 87
60 22
7 25
69 64
71 92
60 34
88 93
94 95
82 20
33 43
38 41
85 38
32 2
35 22
91 56
36 59
70 62
4 73
2 34
37 89
46 44
11 21
44 75
44 42
18 16
96 67
33 97
10 1
33 43
62 4
7 55
38 76
64 80
40 20
58 63
19 76
49 61
62 10
11 23
83 14
42 6
13 73
72 45
81 21
30 85
40 20
50 76
47 7
36 60
40 39
34 36
97 66
91 18
32 70
19 79
48 88
29 52
93 90
8 67
96 64
59 2
90 80
9 41
60 36
23 56
45 5
42 6
8 74
51 93
34 79
5 78
96 34
62 42
15 46
7 90
9 62
19 66
70 1
50 78
19 7
54 36
61 59
18 42
19 58
9 80
37 92
83 66
53 1
16 60
46 94
77 82
27 70
84 58
76 23
85 18
20 54
91 73
91 89
68 82
62 50
67 77
62 22
16 41
90 6
52 62
64 59
5 93
84 94
62 71
66 59
71 56
5 9
1 34
96 72
84 55
65 14
71 94
27 82
80 96
70 11
58 36
11 74
11 25
7 55
23 66
54 73
94 89
24 2
3 54
74 45
46 21
11 18
12 33
5 47
14 74
78 83
55 78
93 75
82 12
57 95
39 62
39 24
44 79
21 11
74 70
4 88
4 27
60 50
66 46
66 87
45 23
79 3
2 35
23 34
33 31
58 48
