328 630
121 49 92065
8 202 6799
112 177 82883
72 206 746605
277 158 811110
135 184 583658
164 89 392257
1 47 211909
290 114 821161
6 167 826932
114 61 759490
281 159 822246
35 274 409017
65 110 91900
243 18 567451
273 129 272862
209 122 623495
58 56 26159
235 14 251139
250 318 109383
132 43 557981
5 61 949408
327 16 537502
313 40 739643
211 88 436519
201 302 187547
320 77 324450
238 273 541129
218 112 413135
275 264 418361
200 77 549944
40 209 160148
276 273 512967
287 118 940241
137 300 699971
99 12 912493
163 306 800293
226 68 789636
94 299 746205
112 35 702355
224 38 146652
91 17 93607
167 34 720722
75 30 636550
323 234 755245
238 42 281493
262 25 690545
283 57 35577
176 125 936646
270 37 730721
159 264 730545
34 308 375081
195 313 839416
141 241 329280
262 136 144762
137 303 748351
37 214 230468
41 224 303046
274 64 321595
103 124 920910
189 94 988659
6 286 965746
311 78 755738
235 10 559462
141 26 340692
205 187 768122
103 60 517972
236 146 906994
200 87 400447
229 82 452190
224 99 323391
214 285 850114
18 217 405926
6 22 979187
71 4 251155
182 253 61201
105 55 858942
138 174 863332
215 124 542994
104 77 731084
179 114 725104
311 209 406873
159 127 239955
206 240 333616
171 241 172018
210 310 791258
124 165 339354
177 156 317467
48 185 368431
66 151 253005
202 301 917404
288 181 933460
114 221 125933
257 217 744655
197 75 843057
198 167 263467
267 65 215959
201 136 698813
159 297 369815
301 111 838735
182 149 650463
310 111 574632
258 218 395641
112 222 702918
277 276 527655
12 239 53872
210 13 271995
232 8 900287
327 232 828048
145 202 729337
42 190 746430
110 139 498202
51 232 270839
36 127 306715
237 265 537383
113 155 743851
95 57 613242
98 157 433557
312 162 239569
156 216 676734
206 51 868802
285 228 84028
245 269 442267
31 195 964137
194 171 405317
56 47 7914
322 245 713734
219 293 30093
258 56 541863
290 265 150092
272 84 625187
94 108 228685
275 84 279753
270 17 52429
323 205 61410
15 44 567456
25 251 965205
38 128 631571
10 16 2526
168 206 927938
41 156 536977
268 66 16013
121 135 343278
94 270 864259
192 13 180193
101 312 267930
203 17 286208
6 247 856016
137 73 53412
33 139 288241
202 200 655793
307 144 524191
68 25 517744
44 307 168992
34 39 428437
245 99 185628
125 163 687330
71 2 428476
264 98 795648
49 80 387187
4 25 949127
64 172 761866
171 51 752160
157 116 562560
184 225 130083
220 20 886987
35 99 175632
17 327 273585
279 151 73107
188 149 898496
207 48 975610
74 40 415613
173 212 334215
185 5 720720
161 130 41502
242 290 678937
283 207 125221
146 24 139173
239 260 148690
144 21 940390
117 149 525862
176 149 172353
276 115 475483
28 227 357392
44 42 289167
52 298 343776
82 233 293653
15 37 413389
111 80 838003
110 154 370647
66 21 913433
251 19 446991
144 56 283313
194 133 643354
76 123 133203
138 109 354734
107 105 549957
140 213 51724
96 251 516571
207 9 737595
98 14 482646
280 170 917816
80 322 695743
309 310 231985
118 27 108527
219 287 242109
171 151 651242
285 311 49863
56 194 425748
256 26 474987
20 279 300324
32 233 627878
44 54 657410
67 13 20914
123 7 415627
79 60 13886
148 223 609851
120 132 447552
125 268 508411
145 205 618860
37 104 570129
101 259 288261
54 244 586143
301 268 387397
36 52 858447
309 53 739462
131 263 718221
326 86 655065
234 238 577468
119 4 173403
91 326 328240
108 304 357346
70 36 33330
255 231 969057
274 178 69486
255 132 708206
48 216 818708
167 88 729074
212 195 338523
268 70 193647
70 133 167643
97 299 745471
141 246 863366
65 290 133973
116 69 151907
143 120 996629
269 270 33094
274 102 872069
38 237 135360
93 99 125348
225 207 100320
278 240 953302
67 192 813864
234 33 381791
89 26 838802
87 142 565434
238 166 59266
248 62 834686
187 274 710661
125 31 909147
119 12 994821
2 213 572155
17 266 671289
298 84 685888
58 110 501004
319 257 930774
311 81 225021
292 58 296083
308 198 689340
23 267 362370
326 168 395828
115 214 715550
326 47 988863
299 281 337795
236 2 914997
42 289 315071
237 74 252544
109 169 172355
162 107 382344
239 325 91136
71 306 744037
197 133 246272
279 213 40377
182 66 337535
282 287 757348
90 127 961789
258 114 559839
118 217 691136
77 79 940564
275 174 453261
28 99 202078
203 237 140902
34 247 650124
314 4 625294
48 240 772854
83 250 809127
272 162 831983
201 156 92762
11 35 750740
289 318 788873
267 92 408701
182 15 74433
126 250 555433
80 132 135640
248 52 930462
258 249 918356
249 116 89493
227 163 456411
261 141 918333
173 68 72012
201 4 422591
199 256 596626
221 142 183919
276 30 536504
136 161 255254
225 23 976808
155 253 431435
176 324 968701
107 194 312858
20 45 189318
54 84 378229
245 296 456877
201 96 500449
276 145 371163
40 22 753589
298 235 131555
115 296 676858
16 85 885257
232 256 438765
24 34 167709
50 287 949670
118 326 696525
254 276 682557
131 244 679844
73 266 78359
62 42 935853
86 231 772237
112 275 734820
215 3 48717
255 237 203243
219 108 155808
296 5 703641
297 92 224331
246 275 552477
286 293 249965
60 152 270289
174 170 877375
249 181 464479
51 48 935605
202 129 574867
312 4 688459
263 198 879006
3 199 727764
72 249 695872
235 6 896780
144 286 817968
7 134 85755
222 74 493723
305 45 859860
204 270 527986
74 84 416039
155 189 479345
310 290 639491
314 294 900003
227 111 126391
96 327 204335
18 84 377842
74 129 701584
265 159 285259
226 225 932731
126 195 238326
279 314 597117
316 327 737947
102 325 213521
122 290 897211
301 129 947456
27 0 957175
209 194 887703
113 197 711436
23 321 792274
233 197 300505
44 3 321382
313 165 656857
320 176 556181
93 183 589324
252 54 851377
140 63 168376
262 108 888542
74 144 931218
106 192 779973
233 205 453331
89 50 468001
167 135 257601
56 303 452256
280 190 501536
74 178 263702
173 267 517502
83 32 84120
19 171 328974
316 321 476693
164 128 927613
178 190 718077
271 264 935094
182 278 19952
284 214 816197
35 214 906768
131 154 233777
65 264 795978
295 121 83803
317 201 37928
14 128 856192
145 261 457775
70 263 34244
39 196 948918
305 130 124823
140 175 617859
242 151 292553
299 122 425891
267 230 465908
47 105 811818
107 36 540679
207 169 942027
108 9 389994
220 196 70510
152 300 74063
192 255 68644
173 15 66561
268 291 315632
129 142 912121
21 7 776398
34 212 497011
264 205 785573
34 250 860706
318 160 342525
279 235 679728
166 4 219929
210 88 321425
263 323 768107
127 33 563694
8 315 874445
2 57 998676
0 312 779807
47 233 592512
54 37 723774
28 239 915428
78 32 37019
141 180 569556
136 219 424268
322 115 877492
300 106 254287
197 235 341642
258 136 682571
236 246 805606
246 152 611397
176 274 643045
208 70 298378
60 216 54992
29 261 110685
266 222 693859
314 208 277078
91 229 37053
11 302 53990
123 12 967483
33 307 177158
82 113 604388
24 114 440183
286 42 39766
196 145 399670
100 131 415015
170 247 901603
212 72 984057
208 155 329123
128 18 834579
210 27 89894
278 201 835143
186 222 545000
261 92 558438
57 326 994013
83 95 321640
33 86 598823
2 143 367922
59 95 363945
185 255 999905
266 90 571222
304 77 216435
265 165 976788
291 142 108810
241 240 95782
184 85 464713
61 153 991184
160 245 960560
178 103 575502
83 184 781938
322 148 574367
279 283 611092
199 1 821400
171 254 709260
199 273 546231
94 19 417304
223 159 837210
38 73 825654
41 296 3833
301 242 196322
13 146 492721
255 213 567633
15 41 169740
286 315 149152
144 231 571544
314 243 410882
121 219 387943
271 279 125170
138 195 232924
164 137 752994
105 207 87473
114 243 466475
313 257 711244
72 227 764162
112 314 266948
13 198 643681
297 33 856873
198 213 7778
58 163 964408
130 193 917905
247 134 686911
193 241 160012
150 305 982295
113 317 776760
158 5 728951
75 253 55196
201 29 361136
18 71 441063
245 271 633683
20 204 301687
259 194 440571
324 249 494808
70 1 603247
78 91 496473
43 274 709240
62 101 377606
310 293 586571
24 225 674032
32 120 577521
88 28 805203
126 272 331036
205 182 567185
111 68 340264
18 223 40284
59 226 906956
149 109 703947
190 228 22696
236 59 652798
175 109 647640
268 28 448516
77 278 826989
105 17 481609
153 155 248971
10 79 378557
26 257 146888
189 253 202844
14 69 213000
306 174 713359
28 260 800637
13 111 27654
93 132 974466
183 28 474600
11 226 365983
146 63 342987
61 123 901481
288 39 840309
61 248 539107
88 213 27886
177 154 333420
164 304 825325
318 139 330696
267 46 843529
142 64 780633
217 98 717290
168 202 824884
140 38 204812
306 61 388628
71 136 624230
165 222 84693
324 285 365539
147 215 726316
42 170 56150
90 219 385707
245 134 588828
162 264 204729
238 146 699391
118 130 260235
320 86 509959
165 121 984479
146 319 604736
314 18 372933
130 115 177795
224 113 924200
269 34 24483
71 191 519836
72 171 300650
260 126 419665
139 147 464913
281 132 300411
284 48 500225
280 221 159768
133 258 992871
69 287 493262
55 22 431355
47 77 767810
209 294 436030
300 26 666908
66 178 979562
231 282 259941
8 309 282321
246 179 110291
170 140 78083
149 18 106931
127 52 281866
105 179 886093
325 220 537289
73 156 363887
132 276 281906
28 147 823292
262 326 512137
182 137 19325
298 126 825970
10 117 587976
321 50 697004
45 153 599612
109 293 423747
162 306 235760
113
255 30
325 204
0 224
164 248
173 220
141 138
210 287
35 20
275 215
193 195
260 300
271 106
124 146
232 164
69 326
204 309
160 300
257 226
269 239
0 109
10 68
129 283
321 233
76 298
75 218
182 205
206 213
83 24
147 178
200 74
122 64
216 23
290 2
261 196
288 76
140 171
294 195
8 102
285 209
47 35
115 273
38 256
258 126
237 151
177 245
34 190
78 82
95 208
86 167
120 24
115 128
168 48
239 31
156 238
114 315
115 291
188 193
52 184
314 156
192 72
260 177
14 255
38 226
237 143
152 231
34 201
11 226
40 272
55 282
1 1
209 248
304 312
301 126
306 91
203 241
177 295
111 259
224 163
135 136
261 129
11 222
168 283
73 61
170 326
10 65
267 187
301 33
219 267
90 188
292 189
200 87
81 218
227 200
321 97
121 322
201 246
217 56
275 121
101 66
323 257
96 111
7 13
23 231
239 32
45 84
261 101
258 181
213 173
69 84
326 285
197 10
280 320
325 281
